{
 "cells": [
  {
   "cell_type": "code",
   "execution_count": 18,
   "metadata": {},
   "outputs": [
    {
     "name": "stdout",
     "output_type": "stream",
     "text": [
      "ZDT1 (2D) APBI-KKTPM Tests\n",
      "---------------------------\n",
      "The solver could not find an optimal solution.\n",
      "Failed to solve the linear system. We now try with quadratic system.\n",
      "The shape of GGT is:  (4, 4)\n",
      "The value of A1A1T is:  [[35.28650783]]\n",
      "The value of A1BJT is:  [[ 2.19329188e-03 -5.94024436e+00 -2.19329188e-03  5.94024436e+00]]\n",
      "The value of BJA1T is:  [[ 2.19329188e-03]\n",
      " [-5.94024436e+00]\n",
      " [-2.19329188e-03]\n",
      " [ 5.94024436e+00]]\n",
      "The value of BJBJT is:  [[ 1.  0. -1.  0.]\n",
      " [ 0.  1.  0. -1.]\n",
      " [-1.  0.  1.  0.]\n",
      " [ 0. -1.  0.  1.]]\n",
      "The value of GGT is:  [[0.12105876 0.         0.22687624 0.347935  ]\n",
      " [0.         0.         0.         0.        ]\n",
      " [0.22687624 0.         0.42518876 0.652065  ]\n",
      " [0.347935   0.         0.652065   1.        ]]\n",
      "The shape of LHS is:  (5, 5)\n",
      "The value of S is:  [0]\n",
      "The value of LHS is:  [[ 3.62865078e+01  2.19329188e-03 -5.94024436e+00 -2.19329188e-03\n",
      "   5.94024436e+00]\n",
      " [ 2.19329188e-03  1.12105876e+00  0.00000000e+00 -7.73123764e-01\n",
      "   3.47935000e-01]\n",
      " [-5.94024436e+00  0.00000000e+00  1.00000000e+00  0.00000000e+00\n",
      "  -1.00000000e+00]\n",
      " [-2.19329188e-03 -7.73123764e-01  0.00000000e+00  1.42518876e+00\n",
      "   6.52065000e-01]\n",
      " [ 5.94024436e+00  3.47935000e-01 -1.00000000e+00  6.52065000e-01\n",
      "   2.00000000e+00]]\n",
      "The value of RHS is:  [1. 0. 0. 0. 0.]\n",
      "The shape of GGT is:  (4, 4)\n",
      "The value of A1A1T is:  [[35.28650783]]\n",
      "The value of A1BJT is:  [[ 2.19329188e-03 -5.94024436e+00 -2.19329188e-03  5.94024436e+00]]\n",
      "The value of BJA1T is:  [[ 2.19329188e-03]\n",
      " [-5.94024436e+00]\n",
      " [-2.19329188e-03]\n",
      " [ 5.94024436e+00]]\n",
      "The value of BJBJT is:  [[ 1.  0. -1.  0.]\n",
      " [ 0.  1.  0. -1.]\n",
      " [-1.  0.  1.  0.]\n",
      " [ 0. -1.  0.  1.]]\n",
      "The value of GGT is:  [[0.12105876 0.         0.22687624 0.347935  ]\n",
      " [0.         0.         0.         0.        ]\n",
      " [0.22687624 0.         0.42518876 0.652065  ]\n",
      " [0.347935   0.         0.652065   1.        ]]\n",
      "The shape of LHS is:  (5, 5)\n",
      "The value of S is:  [0, 1]\n",
      "The value of LHS is:  [[ 3.62865078e+01  2.19329188e-03 -5.94024436e+00 -2.19329188e-03\n",
      "   5.94024436e+00]\n",
      " [ 2.19329188e-03  1.12105876e+00  0.00000000e+00 -7.73123764e-01\n",
      "   3.47935000e-01]\n",
      " [-5.94024436e+00  0.00000000e+00  1.00000000e+00  0.00000000e+00\n",
      "  -1.00000000e+00]\n",
      " [-2.19329188e-03 -7.73123764e-01  0.00000000e+00  1.42518876e+00\n",
      "   6.52065000e-01]\n",
      " [ 5.94024436e+00  3.47935000e-01 -1.00000000e+00  6.52065000e-01\n",
      "   2.00000000e+00]]\n",
      "The value of RHS is:  [1. 0. 0. 0. 0.]\n",
      "The solver could not find an optimal solution.\n",
      "The shape of GGT is:  (4, 4)\n",
      "The value of A1A1T is:  [[35.28650783]]\n",
      "The value of A1BJT is:  [[ 2.19329188e-03 -5.94024436e+00 -2.19329188e-03  5.94024436e+00]]\n",
      "The value of BJA1T is:  [[ 2.19329188e-03]\n",
      " [-5.94024436e+00]\n",
      " [-2.19329188e-03]\n",
      " [ 5.94024436e+00]]\n",
      "The value of BJBJT is:  [[ 1.  0. -1.  0.]\n",
      " [ 0.  1.  0. -1.]\n",
      " [-1.  0.  1.  0.]\n",
      " [ 0. -1.  0.  1.]]\n",
      "The value of GGT is:  [[0.12105876 0.         0.22687624 0.347935  ]\n",
      " [0.         0.         0.         0.        ]\n",
      " [0.22687624 0.         0.42518876 0.652065  ]\n",
      " [0.347935   0.         0.652065   1.        ]]\n",
      "The shape of LHS is:  (5, 5)\n",
      "The value of S is:  [0, 2]\n",
      "The value of LHS is:  [[ 3.62865078e+01  2.19329188e-03 -5.94024436e+00 -2.19329188e-03\n",
      "   5.94024436e+00]\n",
      " [ 2.19329188e-03  1.12105876e+00  0.00000000e+00 -7.73123764e-01\n",
      "   3.47935000e-01]\n",
      " [-5.94024436e+00  0.00000000e+00  1.00000000e+00  0.00000000e+00\n",
      "  -1.00000000e+00]\n",
      " [-2.19329188e-03 -7.73123764e-01  0.00000000e+00  1.42518876e+00\n",
      "   6.52065000e-01]\n",
      " [ 5.94024436e+00  3.47935000e-01 -1.00000000e+00  6.52065000e-01\n",
      "   2.00000000e+00]]\n",
      "The value of RHS is:  [1. 0. 0. 0. 0.]\n",
      "The shape of GGT is:  (4, 4)\n",
      "The value of A1A1T is:  [[35.28650783]]\n",
      "The value of A1BJT is:  [[ 2.19329188e-03 -5.94024436e+00 -2.19329188e-03  5.94024436e+00]]\n",
      "The value of BJA1T is:  [[ 2.19329188e-03]\n",
      " [-5.94024436e+00]\n",
      " [-2.19329188e-03]\n",
      " [ 5.94024436e+00]]\n",
      "The value of BJBJT is:  [[ 1.  0. -1.  0.]\n",
      " [ 0.  1.  0. -1.]\n",
      " [-1.  0.  1.  0.]\n",
      " [ 0. -1.  0.  1.]]\n",
      "The value of GGT is:  [[0.12105876 0.         0.22687624 0.347935  ]\n",
      " [0.         0.         0.         0.        ]\n",
      " [0.22687624 0.         0.42518876 0.652065  ]\n",
      " [0.347935   0.         0.652065   1.        ]]\n",
      "The shape of LHS is:  (5, 5)\n",
      "The value of S is:  [0, 3]\n",
      "The value of LHS is:  [[ 3.62865078e+01  2.19329188e-03 -5.94024436e+00 -2.19329188e-03\n",
      "   5.94024436e+00]\n",
      " [ 2.19329188e-03  1.12105876e+00  0.00000000e+00 -7.73123764e-01\n",
      "   3.47935000e-01]\n",
      " [-5.94024436e+00  0.00000000e+00  1.00000000e+00  0.00000000e+00\n",
      "  -1.00000000e+00]\n",
      " [-2.19329188e-03 -7.73123764e-01  0.00000000e+00  1.42518876e+00\n",
      "   6.52065000e-01]\n",
      " [ 5.94024436e+00  3.47935000e-01 -1.00000000e+00  6.52065000e-01\n",
      "   2.00000000e+00]]\n",
      "The value of RHS is:  [1. 0. 0. 0. 0.]\n",
      "The shape of GGT is:  (4, 4)\n",
      "The value of A1A1T is:  [[35.28650783]]\n",
      "The value of A1BJT is:  [[ 2.19329188e-03 -5.94024436e+00 -2.19329188e-03  5.94024436e+00]]\n",
      "The value of BJA1T is:  [[ 2.19329188e-03]\n",
      " [-5.94024436e+00]\n",
      " [-2.19329188e-03]\n",
      " [ 5.94024436e+00]]\n",
      "The value of BJBJT is:  [[ 1.  0. -1.  0.]\n",
      " [ 0.  1.  0. -1.]\n",
      " [-1.  0.  1.  0.]\n",
      " [ 0. -1.  0.  1.]]\n",
      "The value of GGT is:  [[0.12105876 0.         0.22687624 0.347935  ]\n",
      " [0.         0.         0.         0.        ]\n",
      " [0.22687624 0.         0.42518876 0.652065  ]\n",
      " [0.347935   0.         0.652065   1.        ]]\n",
      "The shape of LHS is:  (5, 5)\n",
      "The value of S is:  [0, 4]\n",
      "The value of LHS is:  [[ 3.62865078e+01  2.19329188e-03 -5.94024436e+00 -2.19329188e-03\n",
      "   5.94024436e+00]\n",
      " [ 2.19329188e-03  1.12105876e+00  0.00000000e+00 -7.73123764e-01\n",
      "   3.47935000e-01]\n",
      " [-5.94024436e+00  0.00000000e+00  1.00000000e+00  0.00000000e+00\n",
      "  -1.00000000e+00]\n",
      " [-2.19329188e-03 -7.73123764e-01  0.00000000e+00  1.42518876e+00\n",
      "   6.52065000e-01]\n",
      " [ 5.94024436e+00  3.47935000e-01 -1.00000000e+00  6.52065000e-01\n",
      "   2.00000000e+00]]\n",
      "The value of RHS is:  [1. 0. 0. 0. 0.]\n",
      "The solver could not find an optimal solution.\n",
      "The shape of GGT is:  (4, 4)\n",
      "The value of A1A1T is:  [[35.28650783]]\n",
      "The value of A1BJT is:  [[ 2.19329188e-03 -5.94024436e+00 -2.19329188e-03  5.94024436e+00]]\n",
      "The value of BJA1T is:  [[ 2.19329188e-03]\n",
      " [-5.94024436e+00]\n",
      " [-2.19329188e-03]\n",
      " [ 5.94024436e+00]]\n",
      "The value of BJBJT is:  [[ 1.  0. -1.  0.]\n",
      " [ 0.  1.  0. -1.]\n",
      " [-1.  0.  1.  0.]\n",
      " [ 0. -1.  0.  1.]]\n",
      "The value of GGT is:  [[0.12105876 0.         0.22687624 0.347935  ]\n",
      " [0.         0.         0.         0.        ]\n",
      " [0.22687624 0.         0.42518876 0.652065  ]\n",
      " [0.347935   0.         0.652065   1.        ]]\n",
      "The shape of LHS is:  (5, 5)\n",
      "The value of S is:  [0, 1, 2]\n",
      "The value of LHS is:  [[ 3.62865078e+01  2.19329188e-03 -5.94024436e+00 -2.19329188e-03\n",
      "   5.94024436e+00]\n",
      " [ 2.19329188e-03  1.12105876e+00  0.00000000e+00 -7.73123764e-01\n",
      "   3.47935000e-01]\n",
      " [-5.94024436e+00  0.00000000e+00  1.00000000e+00  0.00000000e+00\n",
      "  -1.00000000e+00]\n",
      " [-2.19329188e-03 -7.73123764e-01  0.00000000e+00  1.42518876e+00\n",
      "   6.52065000e-01]\n",
      " [ 5.94024436e+00  3.47935000e-01 -1.00000000e+00  6.52065000e-01\n",
      "   2.00000000e+00]]\n",
      "The value of RHS is:  [1. 0. 0. 0. 0.]\n",
      "The solver could not find an optimal solution.\n",
      "The shape of GGT is:  (4, 4)\n",
      "The value of A1A1T is:  [[35.28650783]]\n",
      "The value of A1BJT is:  [[ 2.19329188e-03 -5.94024436e+00 -2.19329188e-03  5.94024436e+00]]\n",
      "The value of BJA1T is:  [[ 2.19329188e-03]\n",
      " [-5.94024436e+00]\n",
      " [-2.19329188e-03]\n",
      " [ 5.94024436e+00]]\n",
      "The value of BJBJT is:  [[ 1.  0. -1.  0.]\n",
      " [ 0.  1.  0. -1.]\n",
      " [-1.  0.  1.  0.]\n",
      " [ 0. -1.  0.  1.]]\n",
      "The value of GGT is:  [[0.12105876 0.         0.22687624 0.347935  ]\n",
      " [0.         0.         0.         0.        ]\n",
      " [0.22687624 0.         0.42518876 0.652065  ]\n",
      " [0.347935   0.         0.652065   1.        ]]\n",
      "The shape of LHS is:  (5, 5)\n",
      "The value of S is:  [0, 1, 3]\n",
      "The value of LHS is:  [[ 3.62865078e+01  2.19329188e-03 -5.94024436e+00 -2.19329188e-03\n",
      "   5.94024436e+00]\n",
      " [ 2.19329188e-03  1.12105876e+00  0.00000000e+00 -7.73123764e-01\n",
      "   3.47935000e-01]\n",
      " [-5.94024436e+00  0.00000000e+00  1.00000000e+00  0.00000000e+00\n",
      "  -1.00000000e+00]\n",
      " [-2.19329188e-03 -7.73123764e-01  0.00000000e+00  1.42518876e+00\n",
      "   6.52065000e-01]\n",
      " [ 5.94024436e+00  3.47935000e-01 -1.00000000e+00  6.52065000e-01\n",
      "   2.00000000e+00]]\n",
      "The value of RHS is:  [1. 0. 0. 0. 0.]\n",
      "The solver could not find an optimal solution.\n",
      "The shape of GGT is:  (4, 4)\n",
      "The value of A1A1T is:  [[35.28650783]]\n",
      "The value of A1BJT is:  [[ 2.19329188e-03 -5.94024436e+00 -2.19329188e-03  5.94024436e+00]]\n",
      "The value of BJA1T is:  [[ 2.19329188e-03]\n",
      " [-5.94024436e+00]\n",
      " [-2.19329188e-03]\n",
      " [ 5.94024436e+00]]\n",
      "The value of BJBJT is:  [[ 1.  0. -1.  0.]\n",
      " [ 0.  1.  0. -1.]\n",
      " [-1.  0.  1.  0.]\n",
      " [ 0. -1.  0.  1.]]\n",
      "The value of GGT is:  [[0.12105876 0.         0.22687624 0.347935  ]\n",
      " [0.         0.         0.         0.        ]\n",
      " [0.22687624 0.         0.42518876 0.652065  ]\n",
      " [0.347935   0.         0.652065   1.        ]]\n",
      "The shape of LHS is:  (5, 5)\n",
      "The value of S is:  [0, 1, 4]\n",
      "The value of LHS is:  [[ 3.62865078e+01  2.19329188e-03 -5.94024436e+00 -2.19329188e-03\n",
      "   5.94024436e+00]\n",
      " [ 2.19329188e-03  1.12105876e+00  0.00000000e+00 -7.73123764e-01\n",
      "   3.47935000e-01]\n",
      " [-5.94024436e+00  0.00000000e+00  1.00000000e+00  0.00000000e+00\n",
      "  -1.00000000e+00]\n",
      " [-2.19329188e-03 -7.73123764e-01  0.00000000e+00  1.42518876e+00\n",
      "   6.52065000e-01]\n",
      " [ 5.94024436e+00  3.47935000e-01 -1.00000000e+00  6.52065000e-01\n",
      "   2.00000000e+00]]\n",
      "The value of RHS is:  [1. 0. 0. 0. 0.]\n",
      "The solver could not find an optimal solution.\n",
      "The shape of GGT is:  (4, 4)\n",
      "The value of A1A1T is:  [[35.28650783]]\n",
      "The value of A1BJT is:  [[ 2.19329188e-03 -5.94024436e+00 -2.19329188e-03  5.94024436e+00]]\n",
      "The value of BJA1T is:  [[ 2.19329188e-03]\n",
      " [-5.94024436e+00]\n",
      " [-2.19329188e-03]\n",
      " [ 5.94024436e+00]]\n",
      "The value of BJBJT is:  [[ 1.  0. -1.  0.]\n",
      " [ 0.  1.  0. -1.]\n",
      " [-1.  0.  1.  0.]\n",
      " [ 0. -1.  0.  1.]]\n",
      "The value of GGT is:  [[0.12105876 0.         0.22687624 0.347935  ]\n",
      " [0.         0.         0.         0.        ]\n",
      " [0.22687624 0.         0.42518876 0.652065  ]\n",
      " [0.347935   0.         0.652065   1.        ]]\n",
      "The shape of LHS is:  (5, 5)\n",
      "The value of S is:  [0, 2, 3]\n",
      "The value of LHS is:  [[ 3.62865078e+01  2.19329188e-03 -5.94024436e+00 -2.19329188e-03\n",
      "   5.94024436e+00]\n",
      " [ 2.19329188e-03  1.12105876e+00  0.00000000e+00 -7.73123764e-01\n",
      "   3.47935000e-01]\n",
      " [-5.94024436e+00  0.00000000e+00  1.00000000e+00  0.00000000e+00\n",
      "  -1.00000000e+00]\n",
      " [-2.19329188e-03 -7.73123764e-01  0.00000000e+00  1.42518876e+00\n",
      "   6.52065000e-01]\n",
      " [ 5.94024436e+00  3.47935000e-01 -1.00000000e+00  6.52065000e-01\n",
      "   2.00000000e+00]]\n",
      "The value of RHS is:  [1. 0. 0. 0. 0.]\n",
      "The shape of GGT is:  (4, 4)\n",
      "The value of A1A1T is:  [[35.28650783]]\n",
      "The value of A1BJT is:  [[ 2.19329188e-03 -5.94024436e+00 -2.19329188e-03  5.94024436e+00]]\n",
      "The value of BJA1T is:  [[ 2.19329188e-03]\n",
      " [-5.94024436e+00]\n",
      " [-2.19329188e-03]\n",
      " [ 5.94024436e+00]]\n",
      "The value of BJBJT is:  [[ 1.  0. -1.  0.]\n",
      " [ 0.  1.  0. -1.]\n",
      " [-1.  0.  1.  0.]\n",
      " [ 0. -1.  0.  1.]]\n",
      "The value of GGT is:  [[0.12105876 0.         0.22687624 0.347935  ]\n",
      " [0.         0.         0.         0.        ]\n",
      " [0.22687624 0.         0.42518876 0.652065  ]\n",
      " [0.347935   0.         0.652065   1.        ]]\n",
      "The shape of LHS is:  (5, 5)\n",
      "The value of S is:  [0, 2, 4]\n",
      "The value of LHS is:  [[ 3.62865078e+01  2.19329188e-03 -5.94024436e+00 -2.19329188e-03\n",
      "   5.94024436e+00]\n",
      " [ 2.19329188e-03  1.12105876e+00  0.00000000e+00 -7.73123764e-01\n",
      "   3.47935000e-01]\n",
      " [-5.94024436e+00  0.00000000e+00  1.00000000e+00  0.00000000e+00\n",
      "  -1.00000000e+00]\n",
      " [-2.19329188e-03 -7.73123764e-01  0.00000000e+00  1.42518876e+00\n",
      "   6.52065000e-01]\n",
      " [ 5.94024436e+00  3.47935000e-01 -1.00000000e+00  6.52065000e-01\n",
      "   2.00000000e+00]]\n",
      "The value of RHS is:  [1. 0. 0. 0. 0.]\n",
      "The shape of GGT is:  (4, 4)\n",
      "The value of A1A1T is:  [[35.28650783]]\n",
      "The value of A1BJT is:  [[ 2.19329188e-03 -5.94024436e+00 -2.19329188e-03  5.94024436e+00]]\n",
      "The value of BJA1T is:  [[ 2.19329188e-03]\n",
      " [-5.94024436e+00]\n",
      " [-2.19329188e-03]\n",
      " [ 5.94024436e+00]]\n",
      "The value of BJBJT is:  [[ 1.  0. -1.  0.]\n",
      " [ 0.  1.  0. -1.]\n",
      " [-1.  0.  1.  0.]\n",
      " [ 0. -1.  0.  1.]]\n",
      "The value of GGT is:  [[0.12105876 0.         0.22687624 0.347935  ]\n",
      " [0.         0.         0.         0.        ]\n",
      " [0.22687624 0.         0.42518876 0.652065  ]\n",
      " [0.347935   0.         0.652065   1.        ]]\n",
      "The shape of LHS is:  (5, 5)\n",
      "The value of S is:  [0, 3, 4]\n",
      "The value of LHS is:  [[ 3.62865078e+01  2.19329188e-03 -5.94024436e+00 -2.19329188e-03\n",
      "   5.94024436e+00]\n",
      " [ 2.19329188e-03  1.12105876e+00  0.00000000e+00 -7.73123764e-01\n",
      "   3.47935000e-01]\n",
      " [-5.94024436e+00  0.00000000e+00  1.00000000e+00  0.00000000e+00\n",
      "  -1.00000000e+00]\n",
      " [-2.19329188e-03 -7.73123764e-01  0.00000000e+00  1.42518876e+00\n",
      "   6.52065000e-01]\n",
      " [ 5.94024436e+00  3.47935000e-01 -1.00000000e+00  6.52065000e-01\n",
      "   2.00000000e+00]]\n",
      "The value of RHS is:  [1. 0. 0. 0. 0.]\n",
      "The solver could not find an optimal solution.\n",
      "The shape of GGT is:  (4, 4)\n",
      "The value of A1A1T is:  [[35.28650783]]\n",
      "The value of A1BJT is:  [[ 2.19329188e-03 -5.94024436e+00 -2.19329188e-03  5.94024436e+00]]\n",
      "The value of BJA1T is:  [[ 2.19329188e-03]\n",
      " [-5.94024436e+00]\n",
      " [-2.19329188e-03]\n",
      " [ 5.94024436e+00]]\n",
      "The value of BJBJT is:  [[ 1.  0. -1.  0.]\n",
      " [ 0.  1.  0. -1.]\n",
      " [-1.  0.  1.  0.]\n",
      " [ 0. -1.  0.  1.]]\n",
      "The value of GGT is:  [[0.12105876 0.         0.22687624 0.347935  ]\n",
      " [0.         0.         0.         0.        ]\n",
      " [0.22687624 0.         0.42518876 0.652065  ]\n",
      " [0.347935   0.         0.652065   1.        ]]\n",
      "The shape of LHS is:  (5, 5)\n",
      "The value of S is:  [0, 1, 2, 3]\n",
      "The value of LHS is:  [[ 3.62865078e+01  2.19329188e-03 -5.94024436e+00 -2.19329188e-03\n",
      "   5.94024436e+00]\n",
      " [ 2.19329188e-03  1.12105876e+00  0.00000000e+00 -7.73123764e-01\n",
      "   3.47935000e-01]\n",
      " [-5.94024436e+00  0.00000000e+00  1.00000000e+00  0.00000000e+00\n",
      "  -1.00000000e+00]\n",
      " [-2.19329188e-03 -7.73123764e-01  0.00000000e+00  1.42518876e+00\n",
      "   6.52065000e-01]\n",
      " [ 5.94024436e+00  3.47935000e-01 -1.00000000e+00  6.52065000e-01\n",
      "   2.00000000e+00]]\n",
      "The value of RHS is:  [1. 0. 0. 0. 0.]\n",
      "The solver could not find an optimal solution.\n",
      "The shape of GGT is:  (4, 4)\n",
      "The value of A1A1T is:  [[35.28650783]]\n",
      "The value of A1BJT is:  [[ 2.19329188e-03 -5.94024436e+00 -2.19329188e-03  5.94024436e+00]]\n",
      "The value of BJA1T is:  [[ 2.19329188e-03]\n",
      " [-5.94024436e+00]\n",
      " [-2.19329188e-03]\n",
      " [ 5.94024436e+00]]\n",
      "The value of BJBJT is:  [[ 1.  0. -1.  0.]\n",
      " [ 0.  1.  0. -1.]\n",
      " [-1.  0.  1.  0.]\n",
      " [ 0. -1.  0.  1.]]\n",
      "The value of GGT is:  [[0.12105876 0.         0.22687624 0.347935  ]\n",
      " [0.         0.         0.         0.        ]\n",
      " [0.22687624 0.         0.42518876 0.652065  ]\n",
      " [0.347935   0.         0.652065   1.        ]]\n",
      "The shape of LHS is:  (5, 5)\n",
      "The value of S is:  [0, 1, 2, 4]\n",
      "The value of LHS is:  [[ 3.62865078e+01  2.19329188e-03 -5.94024436e+00 -2.19329188e-03\n",
      "   5.94024436e+00]\n",
      " [ 2.19329188e-03  1.12105876e+00  0.00000000e+00 -7.73123764e-01\n",
      "   3.47935000e-01]\n",
      " [-5.94024436e+00  0.00000000e+00  1.00000000e+00  0.00000000e+00\n",
      "  -1.00000000e+00]\n",
      " [-2.19329188e-03 -7.73123764e-01  0.00000000e+00  1.42518876e+00\n",
      "   6.52065000e-01]\n",
      " [ 5.94024436e+00  3.47935000e-01 -1.00000000e+00  6.52065000e-01\n",
      "   2.00000000e+00]]\n",
      "The value of RHS is:  [1. 0. 0. 0. 0.]\n",
      "The solver could not find an optimal solution.\n",
      "The shape of GGT is:  (4, 4)\n",
      "The value of A1A1T is:  [[35.28650783]]\n",
      "The value of A1BJT is:  [[ 2.19329188e-03 -5.94024436e+00 -2.19329188e-03  5.94024436e+00]]\n",
      "The value of BJA1T is:  [[ 2.19329188e-03]\n",
      " [-5.94024436e+00]\n",
      " [-2.19329188e-03]\n",
      " [ 5.94024436e+00]]\n",
      "The value of BJBJT is:  [[ 1.  0. -1.  0.]\n",
      " [ 0.  1.  0. -1.]\n",
      " [-1.  0.  1.  0.]\n",
      " [ 0. -1.  0.  1.]]\n",
      "The value of GGT is:  [[0.12105876 0.         0.22687624 0.347935  ]\n",
      " [0.         0.         0.         0.        ]\n",
      " [0.22687624 0.         0.42518876 0.652065  ]\n",
      " [0.347935   0.         0.652065   1.        ]]\n",
      "The shape of LHS is:  (5, 5)\n",
      "The value of S is:  [0, 1, 3, 4]\n",
      "The value of LHS is:  [[ 3.62865078e+01  2.19329188e-03 -5.94024436e+00 -2.19329188e-03\n",
      "   5.94024436e+00]\n",
      " [ 2.19329188e-03  1.12105876e+00  0.00000000e+00 -7.73123764e-01\n",
      "   3.47935000e-01]\n",
      " [-5.94024436e+00  0.00000000e+00  1.00000000e+00  0.00000000e+00\n",
      "  -1.00000000e+00]\n",
      " [-2.19329188e-03 -7.73123764e-01  0.00000000e+00  1.42518876e+00\n",
      "   6.52065000e-01]\n",
      " [ 5.94024436e+00  3.47935000e-01 -1.00000000e+00  6.52065000e-01\n",
      "   2.00000000e+00]]\n",
      "The value of RHS is:  [1. 0. 0. 0. 0.]\n",
      "The solver could not find an optimal solution.\n",
      "The shape of GGT is:  (4, 4)\n",
      "The value of A1A1T is:  [[35.28650783]]\n",
      "The value of A1BJT is:  [[ 2.19329188e-03 -5.94024436e+00 -2.19329188e-03  5.94024436e+00]]\n",
      "The value of BJA1T is:  [[ 2.19329188e-03]\n",
      " [-5.94024436e+00]\n",
      " [-2.19329188e-03]\n",
      " [ 5.94024436e+00]]\n",
      "The value of BJBJT is:  [[ 1.  0. -1.  0.]\n",
      " [ 0.  1.  0. -1.]\n",
      " [-1.  0.  1.  0.]\n",
      " [ 0. -1.  0.  1.]]\n",
      "The value of GGT is:  [[0.12105876 0.         0.22687624 0.347935  ]\n",
      " [0.         0.         0.         0.        ]\n",
      " [0.22687624 0.         0.42518876 0.652065  ]\n",
      " [0.347935   0.         0.652065   1.        ]]\n",
      "The shape of LHS is:  (5, 5)\n",
      "The value of S is:  [0, 2, 3, 4]\n",
      "The value of LHS is:  [[ 3.62865078e+01  2.19329188e-03 -5.94024436e+00 -2.19329188e-03\n",
      "   5.94024436e+00]\n",
      " [ 2.19329188e-03  1.12105876e+00  0.00000000e+00 -7.73123764e-01\n",
      "   3.47935000e-01]\n",
      " [-5.94024436e+00  0.00000000e+00  1.00000000e+00  0.00000000e+00\n",
      "  -1.00000000e+00]\n",
      " [-2.19329188e-03 -7.73123764e-01  0.00000000e+00  1.42518876e+00\n",
      "   6.52065000e-01]\n",
      " [ 5.94024436e+00  3.47935000e-01 -1.00000000e+00  6.52065000e-01\n",
      "   2.00000000e+00]]\n",
      "The value of RHS is:  [1. 0. 0. 0. 0.]\n",
      "The solver could not find an optimal solution.\n",
      "The shape of GGT is:  (4, 4)\n",
      "The value of A1A1T is:  [[35.28650783]]\n",
      "The value of A1BJT is:  [[ 2.19329188e-03 -5.94024436e+00 -2.19329188e-03  5.94024436e+00]]\n",
      "The value of BJA1T is:  [[ 2.19329188e-03]\n",
      " [-5.94024436e+00]\n",
      " [-2.19329188e-03]\n",
      " [ 5.94024436e+00]]\n",
      "The value of BJBJT is:  [[ 1.  0. -1.  0.]\n",
      " [ 0.  1.  0. -1.]\n",
      " [-1.  0.  1.  0.]\n",
      " [ 0. -1.  0.  1.]]\n",
      "The value of GGT is:  [[0.12105876 0.         0.22687624 0.347935  ]\n",
      " [0.         0.         0.         0.        ]\n",
      " [0.22687624 0.         0.42518876 0.652065  ]\n",
      " [0.347935   0.         0.652065   1.        ]]\n",
      "The shape of LHS is:  (5, 5)\n",
      "The value of S is:  [0, 1, 2, 3, 4]\n",
      "The value of LHS is:  [[ 3.62865078e+01  2.19329188e-03 -5.94024436e+00 -2.19329188e-03\n",
      "   5.94024436e+00]\n",
      " [ 2.19329188e-03  1.12105876e+00  0.00000000e+00 -7.73123764e-01\n",
      "   3.47935000e-01]\n",
      " [-5.94024436e+00  0.00000000e+00  1.00000000e+00  0.00000000e+00\n",
      "  -1.00000000e+00]\n",
      " [-2.19329188e-03 -7.73123764e-01  0.00000000e+00  1.42518876e+00\n",
      "   6.52065000e-01]\n",
      " [ 5.94024436e+00  3.47935000e-01 -1.00000000e+00  6.52065000e-01\n",
      "   2.00000000e+00]]\n",
      "The value of RHS is:  [1. 0. 0. 0. 0.]\n",
      "The solver could not find an optimal solution.\n",
      "The value of GTuJ is:  0.0\n",
      "The value of u1 is:  0.02755845243148584\n",
      "The value of uJ is:  [[0.]\n",
      " [0.]\n",
      " [0.]\n",
      " [0.]]\n",
      "Condition is satisfied\n",
      "The value of epsilon_FSk is:  0.9724415475685142\n",
      "The value of GTuJ is:  0.0\n",
      "The value of u1 is:  0.9999951894938647\n",
      "The value of uJ is:  [[0.        ]\n",
      " [5.94021578]\n",
      " [0.        ]\n",
      " [0.        ]]\n",
      "Condition is satisfied\n",
      "The value of epsilon_FSk is:  4.810506135322079e-06\n",
      "The value of GTuJ is:  -2.7654753845415805e-05\n",
      "The value of u1 is:  0.027558454994967202\n",
      "The value of uJ is:  [[0.00000000e+00]\n",
      " [0.00000000e+00]\n",
      " [4.24110385e-05]\n",
      " [0.00000000e+00]]\n",
      "Condition is satisfied\n",
      "The value of epsilon_FSk is:  0.9724415442402473\n",
      "The value of GTuJ is:  -0.0010034929084867098\n",
      "The value of u1 is:  0.9999985648356773\n",
      "The value of uJ is:  [[0.00000000e+00]\n",
      " [5.94023583e+00]\n",
      " [1.53894613e-03]\n",
      " [0.00000000e+00]]\n",
      "Condition is not satisfied\n",
      "The value of epsilon_FSk is:  4.2816630533305975e-07\n",
      "The value of epsilon_Adjk is:  0.0010034929084867098\n",
      "The value of epsilon_Pk is:  0.0003943665917623353\n",
      "The value of GTuJ is:  0.0\n",
      "The value of u1 is:  0.9999951894938566\n",
      "The value of uJ is:  [[0.        ]\n",
      " [5.94021578]\n",
      " [0.        ]\n",
      " [0.        ]]\n",
      "Condition is satisfied\n",
      "The value of epsilon_FSk is:  4.810506143426707e-06\n",
      "Gradient of phi: [-2.19799734e-03  5.94019302e+00]\n",
      "Optimal epsilon_k: 4.79888e-06\n",
      "The solver could not find an optimal solution.\n",
      "Failed to solve the linear system. We now try with quadratic system.\n",
      "The shape of GGT is:  (4, 4)\n",
      "The value of A1A1T is:  [[35.71416303]]\n",
      "The value of A1BJT is:  [[ 1.76744697e-03 -5.97613252e+00 -1.76744697e-03  5.97613252e+00]]\n",
      "The value of BJA1T is:  [[ 1.76744697e-03]\n",
      " [-5.97613252e+00]\n",
      " [-1.76744697e-03]\n",
      " [ 5.97613252e+00]]\n",
      "The value of BJBJT is:  [[ 1.  0. -1.  0.]\n",
      " [ 0.  1.  0. -1.]\n",
      " [-1.  0.  1.  0.]\n",
      " [ 0. -1.  0.  1.]]\n",
      "The value of GGT is:  [[1.29600000e-01 1.38060000e-03 2.30400000e-01 3.58619400e-01]\n",
      " [1.38060000e-03 1.47072250e-05 2.45440000e-03 3.82029277e-03]\n",
      " [2.30400000e-01 2.45440000e-03 4.09600000e-01 6.37545600e-01]\n",
      " [3.58619400e-01 3.82029277e-03 6.37545600e-01 9.92344707e-01]]\n",
      "The shape of LHS is:  (5, 5)\n",
      "The value of S is:  [0]\n",
      "The value of LHS is:  [[ 3.67141630e+01  1.76744697e-03 -5.97613252e+00 -1.76744697e-03\n",
      "   5.97613252e+00]\n",
      " [ 1.76744697e-03  1.12960000e+00  1.38060000e-03 -7.69600000e-01\n",
      "   3.58619400e-01]\n",
      " [-5.97613252e+00  1.38060000e-03  1.00001471e+00  2.45440000e-03\n",
      "  -9.96179707e-01]\n",
      " [-1.76744697e-03 -7.69600000e-01  2.45440000e-03  1.40960000e+00\n",
      "   6.37545600e-01]\n",
      " [ 5.97613252e+00  3.58619400e-01 -9.96179707e-01  6.37545600e-01\n",
      "   1.99234471e+00]]\n",
      "The value of RHS is:  [1. 0. 0. 0. 0.]\n",
      "The shape of GGT is:  (4, 4)\n",
      "The value of A1A1T is:  [[35.71416303]]\n",
      "The value of A1BJT is:  [[ 1.76744697e-03 -5.97613252e+00 -1.76744697e-03  5.97613252e+00]]\n",
      "The value of BJA1T is:  [[ 1.76744697e-03]\n",
      " [-5.97613252e+00]\n",
      " [-1.76744697e-03]\n",
      " [ 5.97613252e+00]]\n",
      "The value of BJBJT is:  [[ 1.  0. -1.  0.]\n",
      " [ 0.  1.  0. -1.]\n",
      " [-1.  0.  1.  0.]\n",
      " [ 0. -1.  0.  1.]]\n",
      "The value of GGT is:  [[1.29600000e-01 1.38060000e-03 2.30400000e-01 3.58619400e-01]\n",
      " [1.38060000e-03 1.47072250e-05 2.45440000e-03 3.82029277e-03]\n",
      " [2.30400000e-01 2.45440000e-03 4.09600000e-01 6.37545600e-01]\n",
      " [3.58619400e-01 3.82029277e-03 6.37545600e-01 9.92344707e-01]]\n",
      "The shape of LHS is:  (5, 5)\n",
      "The value of S is:  [0, 1]\n",
      "The value of LHS is:  [[ 3.67141630e+01  1.76744697e-03 -5.97613252e+00 -1.76744697e-03\n",
      "   5.97613252e+00]\n",
      " [ 1.76744697e-03  1.12960000e+00  1.38060000e-03 -7.69600000e-01\n",
      "   3.58619400e-01]\n",
      " [-5.97613252e+00  1.38060000e-03  1.00001471e+00  2.45440000e-03\n",
      "  -9.96179707e-01]\n",
      " [-1.76744697e-03 -7.69600000e-01  2.45440000e-03  1.40960000e+00\n",
      "   6.37545600e-01]\n",
      " [ 5.97613252e+00  3.58619400e-01 -9.96179707e-01  6.37545600e-01\n",
      "   1.99234471e+00]]\n",
      "The value of RHS is:  [1. 0. 0. 0. 0.]\n",
      "The solver could not find an optimal solution.\n",
      "The shape of GGT is:  (4, 4)\n",
      "The value of A1A1T is:  [[35.71416303]]\n",
      "The value of A1BJT is:  [[ 1.76744697e-03 -5.97613252e+00 -1.76744697e-03  5.97613252e+00]]\n",
      "The value of BJA1T is:  [[ 1.76744697e-03]\n",
      " [-5.97613252e+00]\n",
      " [-1.76744697e-03]\n",
      " [ 5.97613252e+00]]\n",
      "The value of BJBJT is:  [[ 1.  0. -1.  0.]\n",
      " [ 0.  1.  0. -1.]\n",
      " [-1.  0.  1.  0.]\n",
      " [ 0. -1.  0.  1.]]\n",
      "The value of GGT is:  [[1.29600000e-01 1.38060000e-03 2.30400000e-01 3.58619400e-01]\n",
      " [1.38060000e-03 1.47072250e-05 2.45440000e-03 3.82029277e-03]\n",
      " [2.30400000e-01 2.45440000e-03 4.09600000e-01 6.37545600e-01]\n",
      " [3.58619400e-01 3.82029277e-03 6.37545600e-01 9.92344707e-01]]\n",
      "The shape of LHS is:  (5, 5)\n",
      "The value of S is:  [0, 2]\n",
      "The value of LHS is:  [[ 3.67141630e+01  1.76744697e-03 -5.97613252e+00 -1.76744697e-03\n",
      "   5.97613252e+00]\n",
      " [ 1.76744697e-03  1.12960000e+00  1.38060000e-03 -7.69600000e-01\n",
      "   3.58619400e-01]\n",
      " [-5.97613252e+00  1.38060000e-03  1.00001471e+00  2.45440000e-03\n",
      "  -9.96179707e-01]\n",
      " [-1.76744697e-03 -7.69600000e-01  2.45440000e-03  1.40960000e+00\n",
      "   6.37545600e-01]\n",
      " [ 5.97613252e+00  3.58619400e-01 -9.96179707e-01  6.37545600e-01\n",
      "   1.99234471e+00]]\n",
      "The value of RHS is:  [1. 0. 0. 0. 0.]\n",
      "The shape of GGT is:  (4, 4)\n",
      "The value of A1A1T is:  [[35.71416303]]\n",
      "The value of A1BJT is:  [[ 1.76744697e-03 -5.97613252e+00 -1.76744697e-03  5.97613252e+00]]\n",
      "The value of BJA1T is:  [[ 1.76744697e-03]\n",
      " [-5.97613252e+00]\n",
      " [-1.76744697e-03]\n",
      " [ 5.97613252e+00]]\n",
      "The value of BJBJT is:  [[ 1.  0. -1.  0.]\n",
      " [ 0.  1.  0. -1.]\n",
      " [-1.  0.  1.  0.]\n",
      " [ 0. -1.  0.  1.]]\n",
      "The value of GGT is:  [[1.29600000e-01 1.38060000e-03 2.30400000e-01 3.58619400e-01]\n",
      " [1.38060000e-03 1.47072250e-05 2.45440000e-03 3.82029277e-03]\n",
      " [2.30400000e-01 2.45440000e-03 4.09600000e-01 6.37545600e-01]\n",
      " [3.58619400e-01 3.82029277e-03 6.37545600e-01 9.92344707e-01]]\n",
      "The shape of LHS is:  (5, 5)\n",
      "The value of S is:  [0, 3]\n",
      "The value of LHS is:  [[ 3.67141630e+01  1.76744697e-03 -5.97613252e+00 -1.76744697e-03\n",
      "   5.97613252e+00]\n",
      " [ 1.76744697e-03  1.12960000e+00  1.38060000e-03 -7.69600000e-01\n",
      "   3.58619400e-01]\n",
      " [-5.97613252e+00  1.38060000e-03  1.00001471e+00  2.45440000e-03\n",
      "  -9.96179707e-01]\n",
      " [-1.76744697e-03 -7.69600000e-01  2.45440000e-03  1.40960000e+00\n",
      "   6.37545600e-01]\n",
      " [ 5.97613252e+00  3.58619400e-01 -9.96179707e-01  6.37545600e-01\n",
      "   1.99234471e+00]]\n",
      "The value of RHS is:  [1. 0. 0. 0. 0.]\n",
      "The shape of GGT is:  (4, 4)\n",
      "The value of A1A1T is:  [[35.71416303]]\n",
      "The value of A1BJT is:  [[ 1.76744697e-03 -5.97613252e+00 -1.76744697e-03  5.97613252e+00]]\n",
      "The value of BJA1T is:  [[ 1.76744697e-03]\n",
      " [-5.97613252e+00]\n",
      " [-1.76744697e-03]\n",
      " [ 5.97613252e+00]]\n",
      "The value of BJBJT is:  [[ 1.  0. -1.  0.]\n",
      " [ 0.  1.  0. -1.]\n",
      " [-1.  0.  1.  0.]\n",
      " [ 0. -1.  0.  1.]]\n",
      "The value of GGT is:  [[1.29600000e-01 1.38060000e-03 2.30400000e-01 3.58619400e-01]\n",
      " [1.38060000e-03 1.47072250e-05 2.45440000e-03 3.82029277e-03]\n",
      " [2.30400000e-01 2.45440000e-03 4.09600000e-01 6.37545600e-01]\n",
      " [3.58619400e-01 3.82029277e-03 6.37545600e-01 9.92344707e-01]]\n",
      "The shape of LHS is:  (5, 5)\n",
      "The value of S is:  [0, 4]\n",
      "The value of LHS is:  [[ 3.67141630e+01  1.76744697e-03 -5.97613252e+00 -1.76744697e-03\n",
      "   5.97613252e+00]\n",
      " [ 1.76744697e-03  1.12960000e+00  1.38060000e-03 -7.69600000e-01\n",
      "   3.58619400e-01]\n",
      " [-5.97613252e+00  1.38060000e-03  1.00001471e+00  2.45440000e-03\n",
      "  -9.96179707e-01]\n",
      " [-1.76744697e-03 -7.69600000e-01  2.45440000e-03  1.40960000e+00\n",
      "   6.37545600e-01]\n",
      " [ 5.97613252e+00  3.58619400e-01 -9.96179707e-01  6.37545600e-01\n",
      "   1.99234471e+00]]\n",
      "The value of RHS is:  [1. 0. 0. 0. 0.]\n",
      "The solver could not find an optimal solution.\n",
      "The shape of GGT is:  (4, 4)\n",
      "The value of A1A1T is:  [[35.71416303]]\n",
      "The value of A1BJT is:  [[ 1.76744697e-03 -5.97613252e+00 -1.76744697e-03  5.97613252e+00]]\n",
      "The value of BJA1T is:  [[ 1.76744697e-03]\n",
      " [-5.97613252e+00]\n",
      " [-1.76744697e-03]\n",
      " [ 5.97613252e+00]]\n",
      "The value of BJBJT is:  [[ 1.  0. -1.  0.]\n",
      " [ 0.  1.  0. -1.]\n",
      " [-1.  0.  1.  0.]\n",
      " [ 0. -1.  0.  1.]]\n",
      "The value of GGT is:  [[1.29600000e-01 1.38060000e-03 2.30400000e-01 3.58619400e-01]\n",
      " [1.38060000e-03 1.47072250e-05 2.45440000e-03 3.82029277e-03]\n",
      " [2.30400000e-01 2.45440000e-03 4.09600000e-01 6.37545600e-01]\n",
      " [3.58619400e-01 3.82029277e-03 6.37545600e-01 9.92344707e-01]]\n",
      "The shape of LHS is:  (5, 5)\n",
      "The value of S is:  [0, 1, 2]\n",
      "The value of LHS is:  [[ 3.67141630e+01  1.76744697e-03 -5.97613252e+00 -1.76744697e-03\n",
      "   5.97613252e+00]\n",
      " [ 1.76744697e-03  1.12960000e+00  1.38060000e-03 -7.69600000e-01\n",
      "   3.58619400e-01]\n",
      " [-5.97613252e+00  1.38060000e-03  1.00001471e+00  2.45440000e-03\n",
      "  -9.96179707e-01]\n",
      " [-1.76744697e-03 -7.69600000e-01  2.45440000e-03  1.40960000e+00\n",
      "   6.37545600e-01]\n",
      " [ 5.97613252e+00  3.58619400e-01 -9.96179707e-01  6.37545600e-01\n",
      "   1.99234471e+00]]\n",
      "The value of RHS is:  [1. 0. 0. 0. 0.]\n",
      "The solver could not find an optimal solution.\n",
      "The shape of GGT is:  (4, 4)\n",
      "The value of A1A1T is:  [[35.71416303]]\n",
      "The value of A1BJT is:  [[ 1.76744697e-03 -5.97613252e+00 -1.76744697e-03  5.97613252e+00]]\n",
      "The value of BJA1T is:  [[ 1.76744697e-03]\n",
      " [-5.97613252e+00]\n",
      " [-1.76744697e-03]\n",
      " [ 5.97613252e+00]]\n",
      "The value of BJBJT is:  [[ 1.  0. -1.  0.]\n",
      " [ 0.  1.  0. -1.]\n",
      " [-1.  0.  1.  0.]\n",
      " [ 0. -1.  0.  1.]]\n",
      "The value of GGT is:  [[1.29600000e-01 1.38060000e-03 2.30400000e-01 3.58619400e-01]\n",
      " [1.38060000e-03 1.47072250e-05 2.45440000e-03 3.82029277e-03]\n",
      " [2.30400000e-01 2.45440000e-03 4.09600000e-01 6.37545600e-01]\n",
      " [3.58619400e-01 3.82029277e-03 6.37545600e-01 9.92344707e-01]]\n",
      "The shape of LHS is:  (5, 5)\n",
      "The value of S is:  [0, 1, 3]\n",
      "The value of LHS is:  [[ 3.67141630e+01  1.76744697e-03 -5.97613252e+00 -1.76744697e-03\n",
      "   5.97613252e+00]\n",
      " [ 1.76744697e-03  1.12960000e+00  1.38060000e-03 -7.69600000e-01\n",
      "   3.58619400e-01]\n",
      " [-5.97613252e+00  1.38060000e-03  1.00001471e+00  2.45440000e-03\n",
      "  -9.96179707e-01]\n",
      " [-1.76744697e-03 -7.69600000e-01  2.45440000e-03  1.40960000e+00\n",
      "   6.37545600e-01]\n",
      " [ 5.97613252e+00  3.58619400e-01 -9.96179707e-01  6.37545600e-01\n",
      "   1.99234471e+00]]\n",
      "The value of RHS is:  [1. 0. 0. 0. 0.]\n",
      "The solver could not find an optimal solution.\n",
      "The shape of GGT is:  (4, 4)\n",
      "The value of A1A1T is:  [[35.71416303]]\n",
      "The value of A1BJT is:  [[ 1.76744697e-03 -5.97613252e+00 -1.76744697e-03  5.97613252e+00]]\n",
      "The value of BJA1T is:  [[ 1.76744697e-03]\n",
      " [-5.97613252e+00]\n",
      " [-1.76744697e-03]\n",
      " [ 5.97613252e+00]]\n",
      "The value of BJBJT is:  [[ 1.  0. -1.  0.]\n",
      " [ 0.  1.  0. -1.]\n",
      " [-1.  0.  1.  0.]\n",
      " [ 0. -1.  0.  1.]]\n",
      "The value of GGT is:  [[1.29600000e-01 1.38060000e-03 2.30400000e-01 3.58619400e-01]\n",
      " [1.38060000e-03 1.47072250e-05 2.45440000e-03 3.82029277e-03]\n",
      " [2.30400000e-01 2.45440000e-03 4.09600000e-01 6.37545600e-01]\n",
      " [3.58619400e-01 3.82029277e-03 6.37545600e-01 9.92344707e-01]]\n",
      "The shape of LHS is:  (5, 5)\n",
      "The value of S is:  [0, 1, 4]\n",
      "The value of LHS is:  [[ 3.67141630e+01  1.76744697e-03 -5.97613252e+00 -1.76744697e-03\n",
      "   5.97613252e+00]\n",
      " [ 1.76744697e-03  1.12960000e+00  1.38060000e-03 -7.69600000e-01\n",
      "   3.58619400e-01]\n",
      " [-5.97613252e+00  1.38060000e-03  1.00001471e+00  2.45440000e-03\n",
      "  -9.96179707e-01]\n",
      " [-1.76744697e-03 -7.69600000e-01  2.45440000e-03  1.40960000e+00\n",
      "   6.37545600e-01]\n",
      " [ 5.97613252e+00  3.58619400e-01 -9.96179707e-01  6.37545600e-01\n",
      "   1.99234471e+00]]\n",
      "The value of RHS is:  [1. 0. 0. 0. 0.]\n",
      "The solver could not find an optimal solution.\n",
      "The shape of GGT is:  (4, 4)\n",
      "The value of A1A1T is:  [[35.71416303]]\n",
      "The value of A1BJT is:  [[ 1.76744697e-03 -5.97613252e+00 -1.76744697e-03  5.97613252e+00]]\n",
      "The value of BJA1T is:  [[ 1.76744697e-03]\n",
      " [-5.97613252e+00]\n",
      " [-1.76744697e-03]\n",
      " [ 5.97613252e+00]]\n",
      "The value of BJBJT is:  [[ 1.  0. -1.  0.]\n",
      " [ 0.  1.  0. -1.]\n",
      " [-1.  0.  1.  0.]\n",
      " [ 0. -1.  0.  1.]]\n",
      "The value of GGT is:  [[1.29600000e-01 1.38060000e-03 2.30400000e-01 3.58619400e-01]\n",
      " [1.38060000e-03 1.47072250e-05 2.45440000e-03 3.82029277e-03]\n",
      " [2.30400000e-01 2.45440000e-03 4.09600000e-01 6.37545600e-01]\n",
      " [3.58619400e-01 3.82029277e-03 6.37545600e-01 9.92344707e-01]]\n",
      "The shape of LHS is:  (5, 5)\n",
      "The value of S is:  [0, 2, 3]\n",
      "The value of LHS is:  [[ 3.67141630e+01  1.76744697e-03 -5.97613252e+00 -1.76744697e-03\n",
      "   5.97613252e+00]\n",
      " [ 1.76744697e-03  1.12960000e+00  1.38060000e-03 -7.69600000e-01\n",
      "   3.58619400e-01]\n",
      " [-5.97613252e+00  1.38060000e-03  1.00001471e+00  2.45440000e-03\n",
      "  -9.96179707e-01]\n",
      " [-1.76744697e-03 -7.69600000e-01  2.45440000e-03  1.40960000e+00\n",
      "   6.37545600e-01]\n",
      " [ 5.97613252e+00  3.58619400e-01 -9.96179707e-01  6.37545600e-01\n",
      "   1.99234471e+00]]\n",
      "The value of RHS is:  [1. 0. 0. 0. 0.]\n",
      "The solver could not find an optimal solution.\n",
      "The shape of GGT is:  (4, 4)\n",
      "The value of A1A1T is:  [[35.71416303]]\n",
      "The value of A1BJT is:  [[ 1.76744697e-03 -5.97613252e+00 -1.76744697e-03  5.97613252e+00]]\n",
      "The value of BJA1T is:  [[ 1.76744697e-03]\n",
      " [-5.97613252e+00]\n",
      " [-1.76744697e-03]\n",
      " [ 5.97613252e+00]]\n",
      "The value of BJBJT is:  [[ 1.  0. -1.  0.]\n",
